1280x720	534,781	45,376,363
854x480	274,284	22,133,105
960x540	201,350	12,998,088
1920x1080	185,890	15,517,920
800x480	155,236	20,678,874
1184x720	24,065	1,403,802
1776x1080	20,954	1,661,612
1376x720	20,228	436,402
2560x1440	18,964	1,362,282
1280x752	12,620	257,474
480x320	11,977	899,667
976x600	10,811	1,100,469
926x480	10,790	511,994
2064x1080	10,046	101,702
1280x800	9,541	1,233,236
1032x540	7,489	231,588
1812x1080	7,253	165,140
1024x600	6,650	399,831
1800x1080	5,443	222,678
782x480	4,794	390,523
1794x1080	3,892	183,032
1232x800	3,720	176,822
1024x552	3,278	342,913
888x540	3,264	363,016
872x480	3,186	132,261
1208x720	3,039	647,396
1280x768	2,807	123,662
976x768	2,528	67,692
1920x1152	2,486	29,937
1216x800	2,327	239,526
2048x1536	2,230	51,546
752x480	2,005	50,050
1920x1200	1,798	112,651
2560x1536	1,539	27,301
2064x1152	1,429	6,308
1024x768	1,380	95,447
1952x1536	1,310	46,021
1824x1200	1,299	60,767
952x600	1,194	16,987
2392x1440	1,176	308,240
320x240	1,172	116,706
2560x1600	1,126	80,363
2752x1536	1,100	5,283
1208x800	934	22,980
1217x800	885	39,521
1024x720	883	55,231
1376x768	873	21,885
764x480	763	16,375
767x480	548	4,662
903x540	504	152,103
1220x800	502	12,861
761x480	497	3,876
728x480	495	60,448
800x432	486	24,589
1848x1200	445	18,863
800x444	429	14,803
1196x720	404	130,327
1830x1200	388	1,301
2560x1532	352	53,196
1280x737	352	21,531
1280x736	340	119,123
528x320	331	32,061
1932x1080	320	1,322
960x640	311	9,467
758x480	302	4,898
1376x800	300	3,444
1184x768	299	55,301
1830x1080	282	9,914
1824x1080	277	40,591
1280x816	276	36,729
960x612	272	18,824
800x552	248	18,168
961x600	240	4,741
1200x720	234	13,928
1220x720	217	9,376
757x480	214	2,499
762x480	210	2,069
1280x672	206	8,843
1803x1080	200	25,963
2368x1440	191	33,580
854x552	191	51,636
1224x800	176	2,096
1368x720	174	318
2048x1440	173	25,622
2400x1440	170	13,119
918x480	166	21,170
1920x1128	164	19,371
743x480	158	3,738
922x540	153	1,952
740x480	134	1,495
1320x768	132	377
984x600	130	1,811
1368x768	127	312
1969x1536	125	2,742
912x540	124	1,250
969x600	124	1,897
1440x900	119	738
1232x720	117	7,319
742x480	111	1,137
1025x540	110	120
958x600	110	746
897x540	105	68,710
959x600	103	5,168
960x480	100	2,440
894x540	94	8,394
1848x1080	93	7,861
1352x720	91	781
240x240	90	614
1104x720	89	156
985x600	88	1,485
2028x1080	86	717
1280x740	83	3,991
800x442	79	1,840
1366x768	79	2,763
432x240	78	1,701
1205x800	77	5,131
1280x747	76	482
746x480	75	887
900x540	71	2,386
1280x624	70	872
791x480	70	67,018
1196x816	67	44,054
758x528	64	1,866
1024x560	63	1,106
1318x768	60	884
1821x1080	58	366
964x600	57	701
998x540	57	712
744x480	56	14,189
967x600	55	784
1222x800	54	253
904x540	53	717
908x480	53	140
1202x720	52	46,098
982x600	51	8,205
800x446	50	846
1176x720	50	2,122
1279x720	48	347
1920x1224	47	10,956
1242x720	46	199
734x480	45	10,626
1024x542	44	172
755x480	43	924
1600x900	42	202
1188x720	40	52,576
966x600	38	357
1976x1536	38	360
1227x800	37	93
1794x1224	37	49,252
1920x1008	36	1,588
1840x1080	35	177
320x320	34	391
2464x1600	34	1,688
916x480	33	778
800x600	33	395
640x480	31	431
1280x960	31	9,141
1280x744	30	697
1237x720	30	72
1216x720	29	15,845
786x480	28	744
1336x800	28	55
2048x1457	27	1,018
1356x720	27	38
1222x720	27	345
1836x1200	27	184
927x540	27	256
788x480	26	612
930x540	25	350
1964x1536	25	294
752x600	25	339
981x576	25	175
1960x1536	25	31
747x480	24	369
897x612	24	8,217
1248x720	24	3
1920x1176	23	2,438
815x480	23	819
965x600	23	482
2052x1080	23	912
1834x1200	22	4,432
1281x800	22	2,057
759x480	22	304
961x672	22	308
1392x900	22	35
2046x1080	22	119
886x540	21	20,635
1041x540	20	360
1024x528	20	600
1920x1014	20	94
991x600	19	51
1024x540	19	673
1029x540	18	218
858x480	18	539
1152x720	18	839
952x758	18	81
833x480	18	246
1812x1200	18	41
1217x720	18	41,368